# HfO from NIST Dataase
1.00e+00 0.00e+00 0.00e+00 0.00e+00 0.00e+00
1.00e+00 1.11e-01 3.50e+00 0.00e+00 0.00e+00
8.00e+00 5.55e-02 3.50e+00 0.00e+00 0.00e+00
0.00e+00 0.00e+00 0.00e+00 0.00e+00 0.00e+00
1.00e-03 3.47e-01 5.03e-02 6.82e+00 0.00e+00
1.50e-03 2.98e-01 9.86e-02 1.75e+00 0.00e+00
2.00e-03 2.47e-01 1.48e-01 6.64e-01 0.00e+00
3.00e-03 1.65e-01 2.28e-01 1.68e-01 0.00e+00
4.00e-03 1.12e-01 2.79e-01 6.29e-02 0.00e+00
5.00e-03 8.01e-02 3.10e-01 2.93e-02 0.00e+00
6.00e-03 5.97e-02 3.29e-01 1.57e-02 0.00e+00
8.00e-03 3.66e-02 3.49e-01 5.87e-03 0.00e+00
1.00e-02 2.46e-02 3.58e-01 2.72e-03 0.00e+00
1.50e-02 1.16e-02 3.64e-01 6.74e-04 0.00e+00
2.00e-02 6.69e-03 3.63e-01 2.50e-04 0.00e+00
3.00e-02 3.02e-03 3.54e-01 6.17e-05 0.00e+00
4.00e-02 1.71e-03 3.44e-01 2.28e-05 0.00e+00
5.00e-02 1.10e-03 3.34e-01 1.06e-05 0.00e+00
6.00e-02 7.65e-04 3.25e-01 5.65e-06 0.00e+00
8.00e-02 4.31e-04 3.09e-01 2.11e-06 0.00e+00
1.00e-01 2.76e-04 2.94e-01 9.82e-07 0.00e+00
1.50e-01 1.23e-04 2.65e-01 2.50e-07 0.00e+00
2.00e-01 6.91e-05 2.43e-01 9.63e-08 0.00e+00
3.00e-01 3.07e-05 2.11e-01 2.64e-08 0.00e+00
4.00e-01 1.73e-05 1.89e-01 1.11e-08 0.00e+00
5.00e-01 1.11e-05 1.73e-01 5.93e-09 0.00e+00
6.00e-01 7.68e-06 1.60e-01 3.68e-09 0.00e+00
8.00e-01 4.32e-06 1.41e-01 1.86e-09 0.00e+00
1.00e+00 2.76e-06 1.26e-01 1.17e-09 0.00e+00
1.02e+00 2.65e-06 1.25e-01 1.12e-09 0.00e+00
1.25e+00 1.77e-06 1.13e-01 7.79e-10 4.66e-06
1.50e+00 1.23e-06 1.03e-01 5.82e-10 2.62e-05
2.00e+00 6.91e-07 8.76e-02 3.71e-10 1.05e-04
2.04e+00 6.61e-07 8.65e-02 3.59e-10 1.13e-04
3.00e+00 3.07e-07 6.89e-02 2.11e-10 3.26e-04
4.00e+00 1.73e-07 5.75e-02 1.46e-10 5.88e-04
5.00e+00 1.11e-07 4.96e-02 1.12e-10 8.55e-04
6.00e+00 7.68e-08 4.39e-02 9.01e-11 1.11e-03
7.00e+00 5.64e-08 3.94e-02 7.55e-11 1.35e-03
8.00e+00 4.32e-08 3.59e-02 6.50e-11 1.57e-03
9.00e+00 3.41e-08 3.30e-02 5.70e-11 1.78e-03
1.00e+01 2.76e-08 3.06e-02 5.08e-11 1.98e-03
1.10e+01 2.28e-08 2.85e-02 4.58e-11 2.16e-03
1.20e+01 1.92e-08 2.67e-02 4.17e-11 2.33e-03
1.30e+01 1.64e-08 2.52e-02 3.82e-11 2.48e-03
1.40e+01 1.41e-08 2.38e-02 3.53e-11 2.63e-03
1.50e+01 1.23e-08 2.26e-02 3.28e-11 2.77e-03
1.60e+01 1.08e-08 2.15e-02 3.07e-11 2.91e-03
1.80e+01 8.53e-09 1.97e-02 2.71e-11 3.15e-03
2.00e+01 6.91e-09 1.82e-02 2.42e-11 3.38e-03